33.4 0.03237 0 2.18 0 0.458 6.998 45.8 6.0622 3 222 18.7 394.63 2.94
36.2 0.06905 0 2.18 0 0.458 7.147 54.2 6.0622 3 222 18.7 396.9 5.33
22.9 0.08829 12.5 7.87 0 0.524 6.012 66.6 5.5605 5 311 15.2 395.6 12.43
18.9 0.17004 12.5 7.87 0 0.524 6.004 85.9 6.5921 5 311 15.2 386.71 17.1
18.9 0.11747 12.5 7.87 0 0.524 6.009 82.9 6.2267 5 311 15.2 396.9 13.27
18.2 0.63796 0 8.14 0 0.538 6.096 84.5 4.4619 4 307 21 380.02 10.26
19.9 0.62739 0 8.14 0 0.538 5.834 56.5 4.4986 4 307 21 395.62 8.47
23.1 1.05393 0 8.14 0 0.538 5.935 29.3 4.4986 4 307 21 386.85 6.58
20.2 0.80271 0 8.14 0 0.538 5.456 36.6 3.7965 4 307 21 288.99 11.69
18.2 0.7258 0 8.14 0 0.538 5.727 69.5 3.7965 4 307 21 390.95 11.28
19.6 0.85204 0 8.14 0 0.538 5.965 89.2 4.0123 4 307 21 392.53 13.83
15.6 0.75026 0 8.14 0 0.538 5.924 94.1 4.3996 4 307 21 394.33 16.3
16.6 0.67191 0 8.14 0 0.538 5.813 90.3 4.682 4 307 21 376.88 14.81
13.1 1.15172 0 8.14 0 0.538 5.701 95 3.7872 4 307 21 358.77 18.35
21 0.08014 0 5.96 0 0.499 5.85 41.5 3.9342 5 279 19.2 396.9 8.77
34.9 0.03359 75 2.95 0 0.428 7.024 15.8 5.4011 3 252 18.3 395.62 1.98
25.3 0.1415 0 6.91 0 0.448 6.169 6.6 5.7209 3 233 17.9 383.37 5.81
16.6 0.22927 0 6.91 0 0.448 6.03 85.5 5.6894 3 233 17.9 392.74 18.8
19.4 0.21977 0 6.91 0 0.448 5.602 62 6.0877 3 233 17.9 396.9 16.2
20.5 0.04337 21 5.64 0 0.439 6.115 63 6.8147 4 243 16.8 393.97 9.43
25 0.0536 21 5.64 0 0.439 6.511 21.1 6.8147 4 243 16.8 396.9 5.28
23.4 0.04981 21 5.64 0 0.439 5.998 21.4 6.8147 4 243 16.8 396.9 8.43
31.6 0.01432 100 1.32 0 0.411 6.816 40.5 8.3248 5 256 15.1 392.9 3.95
19.6 0.10328 25 5.13 0 0.453 5.927 47.2 6.932 8 284 19.7 396.9 9.22
22.2 0.11027 25 5.13 0 0.453 6.456 67.8 7.2255 8 284 19.7 396.9 6.73
25 0.1265 25 5.13 0 0.453 6.762 43.4 7.9809 8 284 19.7 395.58 9.5
23.5 0.03584 80 3.37 0 0.398 6.29 17.8 6.6115 4 337 16.1 396.9 4.67
22 0.05789 12.5 6.07 0 0.409 5.878 21.4 6.498 4 345 18.9 396.21 8.1
24.2 0.08826 0 10.81 0 0.413 6.417 6.6 5.2873 4 305 19.2 383.73 6.72
21.7 0.15876 0 10.81 0 0.413 5.961 17.5 5.2873 4 305 19.2 376.94 9.88
22.8 0.09164 0 10.81 0 0.413 6.065 7.8 5.2873 4 305 19.2 390.91 5.52
23.4 0.19539 0 10.81 0 0.413 6.245 6.2 5.2873 4 305 19.2 377.17 7.54
20.3 0.08387 0 12.83 0 0.437 5.874 36.6 4.5026 5 398 18.7 396.06 9.1
24.8 0.03659 25 4.86 0 0.426 6.302 32.2 5.4007 4 281 19 396.9 6.72
26.6 0.05735 0 4.49 0 0.449 6.63 56.1 4.4377 3 247 18.5 392.3 6.53
22.2 0.07151 0 4.49 0 0.449 6.121 56.8 3.7476 3 247 18.5 395.15 8.44
28.7 0.05302 0 3.41 0 0.489 7.079 63.1 3.4145 2 270 17.8 396.06 5.7
28.4 0.12204 0 2.89 0 0.445 6.625 57.8 3.4952 2 276 18 357.98 6.65
38.7 0.12083 0 2.89 0 0.445 8.069 76 3.4952 2 276 18 396.9 4.21
43.8 0.08187 0 2.89 0 0.445 7.82 36.9 3.4952 2 276 18 393.53 3.57
27.5 0.14866 0 8.56 0 0.52 6.727 79.9 2.7778 5 384 20.9 394.76 9.42
19.3 0.21161 0 8.56 0 0.52 6.137 87.4 2.7147 5 384 20.9 394.47 13.44
19.5 0.1712 0 8.56 0 0.52 5.836 91.9 2.211 5 384 20.9 395.67 18.66
18.8 0.12329 0 10.01 0 0.547 5.913 92.9 2.3534 6 432 17.8 394.95 16.21
18.5 0.14231 0 10.01 0 0.547 6.254 84.2 2.2565 6 432 17.8 388.74 10.45
18.3 0.17134 0 10.01 0 0.547 5.928 88.2 2.4631 6 432 17.8 344.91 15.76
19.2 0.15098 0 10.01 0 0.547 6.021 82.6 2.7474 6 432 17.8 394.51 10.3
20.5 0.09299 0 25.65 0 0.581 5.961 92.9 2.0869 2 188 19.1 378.09 17.93
14.3 0.88125 0 21.89 0 0.624 5.637 94.7 1.9799 4 437 21.2 396.9 18.34
23 0.59005 0 21.89 0 0.624 6.372 97.9 2.3274 4 437 21.2 385.76 11.12
15.6 0.97617 0 21.89 0 0.624 5.757 98.4 2.346 4 437 21.2 262.76 17.31
18.1 0.55778 0 21.89 0 0.624 6.335 98.2 2.1107 4 437 21.2 394.67 16.96
17.4 0.32264 0 21.89 0 0.624 5.942 93.5 1.9669 4 437 21.2 378.25 16.9
13.3 0.2498 0 21.89 0 0.624 5.857 98.2 1.6686 4 437 21.2 392.04 21.32
15.6 4.0974 0 19.58 0 0.871 5.468 100 1.4118 5 403 14.7 396.9 26.42
11.8 2.77974 0 19.58 0 0.871 4.903 97.8 1.3459 5 403 14.7 396.9 29.29
15.3 1.12658 0 19.58 1 0.871 5.012 88 1.6102 5 403 14.7 343.28 12.12
13.1 2.44668 0 19.58 0 0.871 5.272 94 1.7364 5 403 14.7 88.63 16.14
24.3 1.34284 0 19.58 0 0.605 6.066 100 1.7573 5 403 14.7 353.89 6.43
27 1.27346 0 19.58 1 0.605 6.25 92.6 1.7984 5 403 14.7 338.92 5.5
22.7 2.24236 0 19.58 0 0.605 5.854 91.8 2.422 5 403 14.7 395.11 11.64
25 2.924 0 19.58 0 0.605 6.101 93 2.2834 5 403 14.7 240.16 9.81
50 2.01019 0 19.58 0 0.605 7.929 96.2 2.0459 5 403 14.7 369.3 3.7
19.1 2.3139 0 19.58 0 0.605 5.88 97.3 2.3887 5 403 14.7 348.13 12.03
22.6 0.08447 0 4.05 0 0.51 5.859 68.7 2.7019 5 296 16.6 393.23 9.64
24.6 0.05425 0 4.05 0 0.51 6.315 73.4 3.3175 5 296 16.6 395.6 6.29
29.9 0.06642 0 4.05 0 0.51 6.86 74.4 2.9153 5 296 16.6 391.27 6.92
37.2 0.0578 0 2.46 0 0.488 6.98 58.4 2.829 3 193 17.8 396.9 5.04
39.8 0.06588 0 2.46 0 0.488 7.765 83.3 2.741 3 193 17.8 395.56 7.56
37.9 0.09103 0 2.46 0 0.488 7.155 92.2 2.7006 3 193 17.8 394.12 4.82
32.5 0.10008 0 2.46 0 0.488 6.563 95.6 2.847 3 193 17.8 396.9 5.68
31.1 0.02187 60 2.93 0 0.401 6.8 9.9 6.2196 1 265 15.6 393.37 5.03
29.1 0.01439 60 2.93 0 0.401 6.604 18.8 6.2196 1 265 15.6 376.7 4.38
32.9 0.01778 95 1.47 0 0.403 7.135 13.9 7.6534 3 402 17 384.3 4.45
42.3 0.02177 82.5 2.03 0 0.415 7.61 15.7 6.27 2 348 14.7 395.38 3.11
50 0.02009 95 2.68 0 0.4161 8.034 31.9 5.118 4 224 14.7 390.55 2.88
22.4 0.21719 0 10.59 1 0.489 5.807 53.8 3.6526 4 277 18.6 390.94 16.03
21.5 0.11069 0 13.89 1 0.55 5.951 93.8 2.8893 5 276 16.4 396.9 17.92
26.7 0.35809 0 6.2 1 0.507 6.951 88.5 2.8617 8 307 17.4 391.7 9.71
21.7 0.40771 0 6.2 1 0.507 6.164 91.3 3.048 8 307 17.4 395.24 21.46
44.8 0.31533 0 6.2 0 0.504 8.266 78.3 2.8944 8 307 17.4 385.05 4.14
46.7 0.29819 0 6.2 0 0.504 7.686 17 3.3751 8 307 17.4 377.51 3.92
31.5 0.44178 0 6.2 0 0.504 6.552 21.4 3.3751 8 307 17.4 380.34 3.76
24.3 0.537 0 6.2 0 0.504 5.981 68.1 3.6715 8 307 17.4 378.35 11.65
20.1 0.10612 30 4.93 0 0.428 6.095 65.1 6.3361 6 300 16.6 394.62 12.4
24.5 0.16439 22 5.86 0 0.431 6.433 49.1 7.8265 7 330 19.1 374.71 9.52
26.2 0.19073 22 5.86 0 0.431 6.718 17.5 7.8265 7 330 19.1 393.74 6.56
24.8 0.21409 22 5.86 0 0.431 6.438 8.9 7.3967 7 330 19.1 377.07 3.59
30.1 0.65665 20 3.97 0 0.647 6.842 100 2.0107 5 264 13 391.93 6.9
50 0.57834 20 3.97 0 0.575 8.297 67 2.4216 5 264 13 384.54 7.44
25.2 0.16211 20 6.96 0 0.464 6.24 16.3 4.429 3 223 18.6 396.9 6.59
35.1 0.21038 20 3.33 0 0.4429 6.812 32.2 4.1007 5 216 14.9 396.9 4.85
35.4 0.03705 20 3.33 0 0.4429 6.968 37.2 5.2447 5 216 14.9 392.23 4.59
46 0.06129 20 3.33 1 0.4429 7.645 49.7 5.2119 5 216 14.9 377.07 3.01
23.2 0.03871 52.5 5.32 0 0.405 6.209 31.3 7.3172 6 293 16.6 396.9 7.14
28.5 0.03502 80 4.95 0 0.411 6.861 27.9 5.1167 4 245 19.2 396.9 3.33
28.6 0.12932 0 13.92 0 0.437 6.678 31.1 5.9604 4 289 16 396.9 6.27
22.5 0.06466 70 2.24 0 0.4 6.345 20.1 7.8278 5 358 14.8 368.24 4.97
29 0.05561 70 2.24 0 0.4 7.041 10 7.8278 5 358 14.8 371.58 4.74
26.4 0.09266 34 6.09 0 0.433 6.495 18.4 5.4917 7 329 16.1 383.61 8.67
33.4 0.07503 33 2.18 0 0.472 7.42 71.9 3.0992 7 222 18.4 396.9 6.47
19.4 0.26169 0 9.9 0 0.544 6.023 90.4 2.834 4 304 18.4 396.3 11.72
16.2 0.25356 0 9.9 0 0.544 5.705 77.7 3.945 4 304 18.4 396.42 11.5
18.5 0.28392 0 7.38 0 0.493 5.708 74.3 4.7211 5 287 19.6 391.13 11.74
24.6 0.19186 0 7.38 0 0.493 6.431 14.7 5.4159 5 287 19.6 393.68 5.08
23 0.30347 0 7.38 0 0.493 6.312 28.9 5.4159 5 287 19.6 396.9 6.15
22.2 0.24103 0 7.38 0 0.493 6.083 43.7 5.4159 5 287 19.6 396.9 12.79
19.3 0.06617 0 3.24 0 0.46 5.868 25.8 5.2146 4 430 16.9 382.44 9.97
22.2 0.05083 0 5.19 0 0.515 6.316 38.1 6.4584 5 224 20.2 389.71 5.68
21.1 0.03961 0 5.19 0 0.515 6.037 34.5 5.9853 5 224 20.2 396.9 8.01
20.6 0.03306 0 5.19 0 0.515 6.059 37.3 4.8122 5 224 20.2 396.14 8.51
32.7 0.01301 35 1.52 0 0.442 7.241 49.3 7.0379 1 284 15.5 394.74 5.49
16.5 0.02498 0 1.89 0 0.518 6.54 59.7 6.2669 1 422 15.9 389.96 8.65
23.9 0.02543 55 3.78 0 0.484 6.696 56.4 5.7321 5 370 17.6 396.9 7.18
17.5 0.03113 0 4.39 0 0.442 6.014 48.5 8.0136 3 352 18.8 385.64 10.53
17.2 0.06162 0 4.39 0 0.442 5.898 52.3 8.0136 3 352 18.8 364.61 12.67
26.6 0.02899 40 1.25 0 0.429 6.939 34.5 8.7921 1 335 19.7 389.85 5.89
18.2 0.04301 80 1.91 0 0.413 5.663 21.9 10.5857 4 334 22 382.8 8.05
7 0.18337 0 27.74 0 0.609 5.414 98.3 1.7554 4 711 20.1 344.05 23.97
20.1 0.11132 0 27.74 0 0.609 5.983 83.5 2.1099 4 711 20.1 396.9 13.35
21.8 0.17331 0 9.69 0 0.585 5.707 54 2.3817 6 391 19.2 396.9 12.01
23.1 0.17899 0 9.69 0 0.585 5.67 28.8 2.7986 6 391 19.2 393.29 17.6
19.7 0.2896 0 9.69 0 0.585 5.39 72.9 2.7986 6 391 19.2 396.9 21.14
20.6 0.04527 0 11.93 0 0.573 6.12 76.7 2.2875 1 273 21 396.9 9.08
22 0.10959 0 11.93 0 0.573 6.794 89.3 2.3889 1 273 21 393.45 6.48
